$ANSIBLE_VAULT;1.1;AES256
39306437613238396164636331396139643539316366326633613435303035633535343938333230
3439626633383831616137396334343139323534616433620a326565636534303366623838313566
34313534646231363965316464323433363230653562303230346239383431626366323866343535
6333383737613232610a336466636566616436383430633963313536386438653332643537646263
37653438343832366466323062316634393139343164643733393733656563396164336430643237
33383135373538613861626132646535396261346361303966656136346463316436623132666639
35653766663938313037363137656237306339666266633564653763316135326666643232663636
31616561323862666262663539653738643938326230393535393835383036656632343361356531
34613630323061323237376133623234323361393330353539353437623962336236303530373066
39656631613561363166376633616637353935356638303134353130636361383666623539373162
36353937636166383766613335303866653833306265653536336462353561663237633934326562
61313465623861313466323462323731656134363232323530343333373537353432393665633865
39653139376162323261623361613031646362313039656538313835393265386238393937333038
33643664353061356331373733333961336131343463326163636663633631643264366432653438
35303135663964306666663863336536356532306631663038306561333335386634386261643137
61636566663339646637343839303766363663306264616539303039383132623362663432396630
37353434356265346330323634303330383766393839303361323036353566643030
